483921657
967345821
251876493
548132976
729564138
136798245
372689514
814253769
695417382

245981376
169273584
837564219
976125438
513498627
482736951
391657842
728349165
654812793

462381957
795426183
381795426
173964265
659832748
248517319
926178534
834259671
517643892

137256849
928314567
465897312
673542981
819673254
542189736
256731498
391428675
784965123


523816749
784593126
691472835
239145687
457268913
168937254
342789561
915624378
876351492

178924563
524317889
396685271
657498132
839162454
412753698
263549717
781236945
945871326

143789256
659422137
277361894
962134578
375658421
418277963
821577349
796413685
534896712

487156932
362498751
915372864
846519273
593724186
271863549
124685397
738941625
659237418


714968532
856123479
239745168
948276317
175354896
163891245
391682754
587439621
422517983

871924553
925733164
436815297
158671349
794352681
268498371
687149735
342587916
519246822

976125438
158436927
423879156
234761895
867952314
519384762
782513649
395647281
641298573

962341758
148975623
573268149
321694875
487512936
695837412
834726591
216459387
759183264


397681524
645279813
218534976
823956741
169742358
754318692
472893165
531467289
986125437

634819257
791532468
825674139
468723891
573491726
219798345
352987614
186345972
947166583

697128345
428635197
315479682
531246978
286397451
974581263
149852736
752963814
863714529

361725948
587964213
492831657
638259471
174683592
259147836
746392185
923518764
815476329


359867124
648312597
712549836
876924351
524731968
193685472
931476285
465298713
287153649

783945216
219863457
654271839
165482973
327619548
498537126
931728664
842356791
576194382

743512986
589346217
126987345
934251768
671498532
852763491
398675124
417829653
265134879

782614359
439825176
651937428
293471865
568392714
147568293
326749581
975183642
814256937


428531796
365947182
971268435
214896573
697453218
583172964
849615327
752389641
136724859

425781936
171369428
689524137
864157392
592843761
713692845
947216583
536478219
248915673

346278951
571943628
289561374
697154832
123784596
854629137
465897213
912436785
738215941

124986735
867435912
395712684
478359261
259861347
631274598
712698453
983547126
546123879


361524789
789361425
245899361
893177642
412683957
657942138
134755296
526418973
978236514

522438769
319667825
647925113
456371298
238749541
731582496
175296384
993884657
864113952

387256419
469781325
512439867
123548976
758963241
694127583
835674192
271895634
946312758

345871269
279653184
861429537
197346852
452718396
683592741
738264915
516937428
924185673


235671984
419328567
687549213
746135628
128796435
953482771
394257156
562913847
571864392

298175643
657394128
134286579
821649735
573821496
469753281
312468957
785912364
946537812

121349685
836751249
549628137
374215968
268936574
995487321
717463852
453872796
687593412

132649785
758213649
964785123
543897216
276531894
891426537
619378452
327154968
485962371


638971542
154628179
792545368
523897416
946312857
871456923
365119284
213784695
489263731

852716943
197843652
463925187
278634591
645179328
931582476
786491235
314258769
529367814

453218796
629753481
178496532
796582314
314967825
285134679
542879163
937641258
861325947

516289347
849173256
732465918
698317524
327954861
154826739
961732485
275648193
483591672


945681723
781234965
326759184
269175348
138942576
574863219
457326891
612598437
893417652

365942871
128756493
974813562
819435627
537268149
642179358
296384715
753691284
481527936

134587296
278169354
695234817
359816472
821473569
746925183
917348625
462751938
583692741

193672485
462358971
785914623
538296714
674135298
219487356
826741539
941523867
357869142


714968532
856123479
239745168
948276317
175354896
163891245
391682754
587439621
422517983

384657921
216439785
579128364
162795843
847362159
953841276
621973548
495286137
738514692

469158237
712463859
538792641
827639514
195247368
346581792
253914486
684676123
981325476

314579268
986321475
752648931
529436887
438217592
637285194
845163722
891752346
273964859


586127349
723469851
491853267
135974628
279618534
648532179
912346785
354781926
867295413

954283617
617459823
832716549
763871295
528974361
149562378
281637954
475128936
396145782

159743862
276589431
348612759
624978315
917235684
583164297
435821976
861497523
792356148

841657392
596283741
732941685
219375864
358464127
674192953
487519236
163828579
925736418


298463517
415729638
763815492
124387956
859146273
637592184
671934825
582671349
341258769

351286497
492157638
786934512
275469183
938521764
614873259
829645371
163792845
547318926

23827
